0 0.4712171052631579 0.9226973684210527 0.21792763157894737 0.11677631578947369
0 0.265625 0.8421052631578947 0.13322368421052633 0.09046052631578948
0 0.42351973684210525 0.7763157894736842 0.21628289473684212 0.05674342105263158
0 0.5370065789473685 0.6973684210526315 0.11266447368421052 0.04851973684210526
0 0.3815789473684211 0.5879934210526315 0.08717105263157894 0.033717105263157895
0 0.06085526315789474 0.8273026315789473 0.12171052631578948 0.20394736842105263
0 0.2598684210526316 0.5016447368421053 0.0805921052631579 0.04851973684210526
0 0.4876644736842105 0.4810855263157895 0.07236842105263158 0.03782894736842105
0 0.740953947368421 0.759046052631579 0.0625 0.04523026315789474
0 0.725328947368421 0.6620065789473685 0.0625 0.03782894736842105
0 0.6751644736842105 0.6126644736842105 0.078125 0.04523026315789474
0 0.8873355263157895 0.9325657894736842 0.22203947368421054 0.12746710526315788