0 0.34457236842105265 0.5435855263157895 0.10608552631578948 0.09292763157894737
0 0.3659539473684211 0.4432565789473684 0.07730263157894737 0.06661184210526316
0 0.4769736842105263 0.4901315789473684 0.06825657894736842 0.05345394736842105
0 0.5822368421052632 0.5131578947368421 0.07072368421052631 0.05345394736842105
0 0.5879934210526315 0.3815789473684211 0.06825657894736842 0.06332236842105263
0 0.7162828947368421 0.38980263157894735 0.06332236842105263 0.07319078947368421
0 0.4810855263157895 0.671875 0.15625 0.14309210526315788
0 0.5164473684210527 0.8429276315789473 0.10608552631578948 0.13980263157894737
0 0.9013157894736842 0.125 0.16282894736842105 0.09703947368421052
0 0.5074013157894737 0.19490131578947367 0.109375 0.05674342105263158
0 0.34786184210526316 0.28536184210526316 0.06825657894736842 0.04358552631578947
0 0.2689144736842105 0.21299342105263158 0.0649671052631579 0.05345394736842105
0 0.2138157894736842 0.26644736842105265 0.05674342105263158 0.05345394736842105
0 0.13322368421052633 0.30180921052631576 0.09786184210526316 0.06332236842105263
0 0.23355263157894737 0.3832236842105263 0.0962171052631579 0.07976973684210527
0 0.34457236842105265 0.3314144736842105 0.055098684210526314 0.04358552631578947
0 0.7491776315789473 0.2450657894736842 0.05838815789473684 0.04358552631578947