0 0.35526315789473684 0.524671052631579 0.06907894736842106 0.04358552631578947
0 0.12171052631578948 0.8182565789473685 0.15378289473684212 0.1768092105263158
0 0.20230263157894737 0.8881578947368421 0.08223684210526316 0.10361842105263158
0 0.32894736842105265 0.7286184210526315 0.09210526315789473 0.08963815789473684
0 0.4276315789473684 0.7450657894736842 0.09375 0.08305921052631579
0 0.5657894736842105 0.7648026315789473 0.07730263157894737 0.06332236842105263
0 0.48601973684210525 0.8766447368421053 0.09046052631578948 0.10032894736842106
0 0.34539473684210525 0.8947368421052632 0.09786184210526316 0.11019736842105263
0 0.40131578947368424 0.9720394736842105 0.12746710526315788 0.05016447368421053
0 0.634046052631579 0.9481907894736842 0.12746710526315788 0.08305921052631579
0 0.4588815789473684 0.5699013157894737 0.04276315789473684 0.04029605263157895
0 0.42105263157894735 0.5435855263157895 0.03536184210526316 0.019736842105263157
0 0.5271381578947368 0.5197368421052632 0.15378289473684212 0.13322368421052633
0 0.772203947368421 0.7064144736842105 0.3248355263157895 0.23355263157894737
0 0.9333881578947368 0.9070723684210527 0.12911184210526316 0.18009868421052633