0 0.42105263157894735 0.7162828947368421 0.22286184210526316 0.1069078947368421
0 0.6546052631578947 0.8470394736842105 0.1299342105263158 0.12006578947368421
0 0.5748355263157895 0.6381578947368421 0.11513157894736842 0.06332236842105263
0 0.5435855263157895 0.5682565789473685 0.09210526315789473 0.05016447368421053
0 0.4300986842105263 0.6085526315789473 0.09539473684210527 0.05016447368421053
0 0.41776315789473684 0.506578947368421 0.08470394736842106 0.033717105263157895
0 0.615953947368421 0.48026315789473684 0.16282894736842105 0.04029605263157895
0 0.7236842105263158 0.5164473684210527 0.09786184210526316 0.04029605263157895
0 0.5263157894736842 0.43338815789473684 0.08717105263157894 0.02631578947368421
0 0.07730263157894737 0.6570723684210527 0.15460526315789475 0.08634868421052631
0 0.1299342105263158 0.5814144736842105 0.10032894736842106 0.04358552631578947
0 0.17845394736842105 0.5386513157894737 0.11266447368421052 0.05016447368421053
0 0.24342105263157895 0.46792763157894735 0.06743421052631579 0.023026315789473683
0 0.3100328947368421 0.4350328947368421 0.06990131578947369 0.023026315789473683
0 0.26644736842105265 0.39473684210526316 0.10773026315789473 0.029605263157894735
0 0.3963815789473684 0.3503289473684211 0.10279605263157894 0.02631578947368421
0 0.35526315789473684 0.37335526315789475 0.0649671052631579 0.019736842105263157
0 0.5115131578947368 0.38651315789473684 0.05756578947368421 0.019736842105263157