0 0.4136513157894737 0.48026315789473684 0.39226973684210525 0.3067434210526316
0 0.15296052631578946 0.8067434210526315 0.3059210526315789 0.21546052631578946
0 0.8273026315789473 0.5148026315789473 0.25 0.12335526315789473
0 0.8297697368421053 0.6332236842105263 0.25 0.13322368421052633
0 0.7935855263157895 0.8100328947368421 0.21710526315789475 0.2532894736842105
0 0.694078947368421 0.3782894736842105 0.2623355263157895 0.12335526315789473
0 0.665296052631579 0.2746710526315789 0.15460526315789475 0.05674342105263158
0 0.37911184210526316 0.16529605263157895 0.17269736842105263 0.06990131578947369
0 0.5748355263157895 0.19490131578947367 0.17516447368421054 0.07648026315789473
0 0.7384868421052632 0.15871710526315788 0.13733552631578946 0.08963815789473684
0 0.6578947368421053 0.09539473684210527 0.10526315789473684 0.05016447368421053
0 0.5485197368421053 0.06990131578947369 0.11759868421052631 0.04029605263157895
0 0.43914473684210525 0.09539473684210527 0.11759868421052631 0.04358552631578947
0 0.2598684210526316 0.11348684210526316 0.08470394736842106 0.033717105263157895
0 0.2911184210526316 0.06332236842105263 0.0625 0.019736842105263157
0 0.31085526315789475 0.023026315789473683 0.05756578947368421 0.019736842105263157
0 0.37993421052631576 0.04029605263157895 0.060032894736842105 0.02631578947368421