0 0.7927631578947368 0.48026315789473684 0.060032894736842105 0.05345394736842105
0 0.6200657894736842 0.3536184210526316 0.25082236842105265 0.07319078947368421
0 0.12335526315789473 0.6282894736842105 0.23684210526315788 0.2902960526315789
0 0.05016447368421053 0.8914473684210527 0.10032894736842106 0.20970394736842105
0 0.5592105263157895 0.8429276315789473 0.3717105263157895 0.26644736842105265
0 0.7574013157894737 0.6899671052631579 0.078125 0.07319078947368421
0 0.5238486842105263 0.5370065789473685 0.1299342105263158 0.07976973684210527
0 0.38569078947368424 0.6233552631578947 0.060032894736842105 0.04029605263157895
0 0.3363486842105263 0.4152960526315789 0.060032894736842105 0.04358552631578947
0 0.7023026315789473 0.4465460526315789 0.1118421052631579 0.06661184210526316
0 0.7195723684210527 0.5230263157894737 0.046875 0.033717105263157895
0 0.8355263157894737 0.6118421052631579 0.05592105263157895 0.05674342105263158
0 0.7976973684210527 0.7763157894736842 0.060032894736842105 0.060032894736842105
0 0.3824013157894737 0.3182565789473684 0.17023026315789475 0.04358552631578947