0 0.26726973684210525 0.6085526315789473 0.20641447368421054 0.11677631578947369
0 0.49506578947368424 0.7047697368421053 0.1611842105263158 0.11677631578947369
0 0.3618421052631579 0.8717105263157895 0.13815789473684212 0.15707236842105263
0 0.7351973684210527 0.9662828947368421 0.11266447368421052 0.060032894736842105
0 0.17763157894736842 0.5016447368421053 0.07976973684210527 0.05674342105263158
0 0.08799342105263158 0.4753289473684211 0.08634868421052631 0.05016447368421053
0 0.3626644736842105 0.4465460526315789 0.13075657894736842 0.05345394736842105
0 0.25164473684210525 0.4449013157894737 0.07730263157894737 0.03700657894736842
0 0.23766447368421054 0.40131578947368424 0.044407894736842105 0.029605263157894735
0 0.756578947368421 0.5032894736842105 0.08881578947368421 0.033717105263157895
0 0.9638157894736842 0.5296052631578947 0.06825657894736842 0.07319078947368421