0 0.05756578947368421 0.45476973684210525 0.11101973684210527 0.06990131578947369
0 0.3667763157894737 0.43832236842105265 0.05098684210526316 0.04358552631578947
0 0.5748355263157895 0.24671052631578946 0.08470394736842106 0.060032894736842105
0 0.6677631578947368 0.3100328947368421 0.09046052631578948 0.033717105263157895
0 0.6266447368421053 0.3684210526315789 0.05263157894736842 0.029605263157894735
0 0.5279605263157895 0.3034539473684211 0.05098684210526316 0.033717105263157895
0 0.49506578947368424 0.5699013157894737 0.08634868421052631 0.06661184210526316
0 0.40625 0.6587171052631579 0.15953947368421054 0.11019736842105263
0 0.6225328947368421 0.5296052631578947 0.04523026315789474 0.033717105263157895
0 0.678453947368421 0.6620065789473685 0.20065789473684212 0.08963815789473684
0 0.6998355263157895 0.850328947368421 0.17598684210526316 0.18667763157894737
0 0.7491776315789473 0.540296052631579 0.12171052631578948 0.10032894736842106