0 0.34375 0.46033653846153844 0.08653846153846154 0.039663461538461536
0 0.3329326923076923 0.4182692307692308 0.06009615384615385 0.027644230769230768
0 0.31971153846153844 0.6213942307692307 0.06610576923076923 0.03245192307692308
0 0.28365384615384615 0.7211538461538461 0.09375 0.042067307692307696
0 0.4362980769230769 0.7992788461538461 0.2127403846153846 0.13701923076923078
0 0.8665865384615384 0.6598557692307693 0.052884615384615384 0.05048076923076923
0 0.6454326923076923 0.6911057692307693 0.056490384615384616 0.052884615384615384
0 0.5288461538461539 0.4182692307692308 0.05048076923076923 0.02283653846153846
0 0.7668269230769231 0.38341346153846156 0.1466346153846154 0.037259615384615384
0 0.9122596153846154 0.43509615384615385 0.04326923076923077 0.025240384615384616
0 0.8617788461538461 0.46153846153846156 0.04326923076923077 0.02283653846153846
0 0.9579326923076923 0.5396634615384616 0.07692307692307693 0.025240384615384616
0 0.9435096153846154 0.5108173076923077 0.06009615384615385 0.018028846153846152
0 0.6754807692307693 0.5757211538461539 0.06370192307692307 0.027644230769230768
0 0.7295673076923077 0.6201923076923077 0.039663461538461536 0.025240384615384616
0 0.6117788461538461 0.9387019230769231 0.11658653846153846 0.11778846153846154