0 0.28125 0.6430921052631579 0.4128289473684211 0.26644736842105265
0 0.2532894736842105 0.41694078947368424 0.07730263157894737 0.04029605263157895
0 0.13404605263157895 0.8980263157894737 0.12746710526315788 0.19654605263157895
0 0.6398026315789473 0.7146381578947368 0.14144736842105263 0.14309210526315788
0 0.6924342105263158 0.8717105263157895 0.08552631578947369 0.13651315789473684
0 0.8100328947368421 0.8248355263157895 0.12088815789473684 0.14309210526315788
0 0.8273026315789473 0.6636513157894737 0.16282894736842105 0.12006578947368421
0 0.8782894736842105 0.5550986842105263 0.23519736842105263 0.14309210526315788
0 0.7113486842105263 0.4564144736842105 0.08552631578947369 0.07976973684210527
0 0.7697368421052632 0.3980263157894737 0.13157894736842105 0.06990131578947369
0 0.600328947368421 0.540296052631579 0.1455592105263158 0.14638157894736842
0 0.47944078947368424 0.421875 0.07072368421052631 0.06990131578947369
0 0.9481907894736842 0.7935855263157895 0.10032894736842106 0.13322368421052633
0 0.4925986842105263 0.7319078947368421 0.0649671052631579 0.11019736842105263