0 0.5637019230769231 0.8088942307692307 0.22115384615384615 0.18389423076923078
0 0.5612980769230769 0.5 0.1814903846153846 0.09375
0 0.640625 0.4014423076923077 0.14423076923076922 0.06370192307692307
0 0.6502403846153846 0.33052884615384615 0.10216346153846154 0.039663461538461536
0 0.5408653846153846 0.3713942307692308 0.12620192307692307 0.056490384615384616
0 0.3954326923076923 0.4254807692307692 0.09975961538461539 0.04326923076923077
0 0.3942307692307692 0.38461538461538464 0.08173076923076923 0.037259615384615384
0 0.4675480769230769 0.3317307692307692 0.051682692307692304 0.02283653846153846
0 0.5865384615384616 0.3004807692307692 0.07451923076923077 0.026442307692307692
0 0.5528846153846154 0.2764423076923077 0.07932692307692307 0.026442307692307692
0 0.10576923076923077 0.7548076923076923 0.09975961538461539 0.09014423076923077
0 0.6057692307692307 0.23798076923076922 0.054086538461538464 0.02283653846153846
0 0.35216346153846156 0.34615384615384615 0.07932692307692307 0.03365384615384615