0 0.3449519230769231 0.5432692307692307 0.10576923076923077 0.09375
0 0.36658653846153844 0.44350961538461536 0.07692307692307693 0.06610576923076923
0 0.47716346153846156 0.49038461538461536 0.06850961538461539 0.052884615384615384
0 0.5829326923076923 0.5132211538461539 0.07091346153846154 0.052884615384615384
0 0.5877403846153846 0.38221153846153844 0.06850961538461539 0.06370192307692307
0 0.7163461538461539 0.3894230769230769 0.06370192307692307 0.0733173076923077
0 0.4807692307692308 0.671875 0.15625 0.14302884615384615
0 0.5168269230769231 0.84375 0.10576923076923077 0.13942307692307693
0 0.9014423076923077 0.125 0.16346153846153846 0.09615384615384616
0 0.5072115384615384 0.19471153846153846 0.109375 0.056490384615384616
0 0.3485576923076923 0.2848557692307692 0.06850961538461539 0.04326923076923077
0 0.2692307692307692 0.2127403846153846 0.06490384615384616 0.052884615384615384
0 0.21394230769230768 0.2668269230769231 0.056490384615384616 0.052884615384615384
0 0.13341346153846154 0.3016826923076923 0.09735576923076923 0.06370192307692307
0 0.23317307692307693 0.38341346153846156 0.09615384615384616 0.08052884615384616
0 0.3449519230769231 0.3317307692307692 0.055288461538461536 0.04326923076923077
0 0.75 0.24519230769230768 0.05889423076923077 0.04326923076923077