0 0.34292763157894735 0.4597039473684211 0.08634868421052631 0.04029605263157895
0 0.33305921052631576 0.4185855263157895 0.060032894736842105 0.027138157894736843
0 0.3199013157894737 0.6208881578947368 0.06661184210526316 0.03289473684210526
0 0.2837171052631579 0.7212171052631579 0.09292763157894737 0.04276315789473684
0 0.43667763157894735 0.7985197368421053 0.21299342105263158 0.13733552631578946
0 0.8667763157894737 0.6603618421052632 0.05345394736842105 0.05016447368421053
0 0.6447368421052632 0.6916118421052632 0.05674342105263158 0.05263157894736842
0 0.5279605263157895 0.4185855263157895 0.05016447368421053 0.022203947368421052
0 0.7664473684210527 0.3840460526315789 0.14638157894736842 0.03782894736842105
0 0.9120065789473685 0.4350328947368421 0.04358552631578947 0.024671052631578948
0 0.8618421052631579 0.4613486842105263 0.04358552631578947 0.022203947368421052
0 0.9580592105263158 0.540296052631579 0.07648026315789473 0.024671052631578948
0 0.9432565789473685 0.5115131578947368 0.060032894736842105 0.017269736842105265
0 0.6751644736842105 0.5764802631578947 0.06332236842105263 0.027138157894736843
0 0.7302631578947368 0.6200657894736842 0.04029605263157895 0.024671052631578948
0 0.6118421052631579 0.9391447368421053 0.11677631578947369 0.11759868421052631