0 0.28125 0.6430288461538461 0.41225961538461536 0.2668269230769231
0 0.2536057692307692 0.4170673076923077 0.07692307692307693 0.039663461538461536
0 0.1346153846153846 0.8978365384615384 0.12740384615384615 0.1971153846153846
0 0.6394230769230769 0.7151442307692307 0.14182692307692307 0.14302884615384615
0 0.6923076923076923 0.8713942307692307 0.08533653846153846 0.13701923076923078
0 0.8100961538461539 0.8245192307692307 0.12139423076923077 0.14302884615384615
0 0.8269230769230769 0.6634615384615384 0.1622596153846154 0.1201923076923077
0 0.8786057692307693 0.5552884615384616 0.23557692307692307 0.14302884615384615
0 0.7115384615384616 0.4567307692307692 0.08533653846153846 0.08052884615384616
0 0.7692307692307693 0.39783653846153844 0.1310096153846154 0.06971153846153846
0 0.5997596153846154 0.5396634615384616 0.14543269230769232 0.1466346153846154
0 0.4795673076923077 0.421875 0.07091346153846154 0.06971153846153846
0 0.9483173076923077 0.7932692307692307 0.09975961538461539 0.13341346153846154
0 0.49278846153846156 0.7319711538461539 0.06490384615384616 0.11057692307692307