0 0.6682692307692307 0.6117788461538461 0.26322115384615385 0.1971153846153846
0 0.3245192307692308 0.8521634615384616 0.4362980769230769 0.2764423076923077
0 0.8016826923076923 0.9362980769230769 0.33052884615384615 0.1201923076923077
0 0.9182692307692307 0.7451923076923077 0.15625 0.13701923076923078
0 0.34134615384615385 0.45552884615384615 0.3894230769230769 0.16346153846153846
0 0.6862980769230769 0.38341346153846156 0.15384615384615385 0.06610576923076923
0 0.8762019230769231 0.4362980769230769 0.13942307692307693 0.09975961538461539
0 0.9711538461538461 0.5132211538461539 0.05048076923076923 0.06009615384615385
0 0.6262019230769231 0.18389423076923078 0.15384615384615385 0.052884615384615384
0 0.48197115384615385 0.27884615384615385 0.18990384615384615 0.06370192307692307
0 0.4014423076923077 0.21875 0.0829326923076923 0.037259615384615384
0 0.21634615384615385 0.2283653846153846 0.1935096153846154 0.06971153846153846
0 0.6935096153846154 0.125 0.09975961538461539 0.037259615384615384
0 0.5865384615384616 0.10697115384615384 0.13341346153846154 0.039663461538461536
0 0.3401442307692308 0.15625 0.24639423076923078 0.06610576923076923
0 0.75 0.06850961538461539 0.18028846153846154 0.06971153846153846
0 0.5685096153846154 0.34375 0.13701923076923078 0.052884615384615384
0 0.6887019230769231 0.28125 0.06370192307692307 0.037259615384615384
0 0.042067307692307696 0.7103365384615384 0.0829326923076923 0.10697115384615384