0 0.6685855263157895 0.6118421052631579 0.2631578947368421 0.19654605263157895
0 0.3248355263157895 0.8519736842105263 0.43667763157894735 0.27631578947368424
0 0.8018092105263158 0.9366776315789473 0.32976973684210525 0.12006578947368421
0 0.9185855263157895 0.7450657894736842 0.15707236842105263 0.13651315789473684
0 0.3412828947368421 0.45476973684210525 0.38980263157894735 0.16365131578947367
0 0.6866776315789473 0.3832236842105263 0.15296052631578946 0.06661184210526316
0 0.8766447368421053 0.43667763157894735 0.13980263157894737 0.10032894736842106
0 0.9720394736842105 0.5131578947368421 0.05016447368421053 0.060032894736842105
0 0.6266447368421053 0.18338815789473684 0.15296052631578946 0.05345394736842105
0 0.4819078947368421 0.2779605263157895 0.18996710526315788 0.06332236842105263
0 0.40131578947368424 0.21792763157894737 0.08305921052631579 0.03700657894736842
0 0.21628289473684212 0.22861842105263158 0.19325657894736842 0.06990131578947369
0 0.6932565789473685 0.125 0.10032894736842106 0.03700657894736842
0 0.5863486842105263 0.1069078947368421 0.13322368421052633 0.04029605263157895
0 0.33963815789473684 0.15707236842105263 0.24671052631578946 0.06661184210526316
0 0.75 0.06825657894736842 0.18009868421052633 0.06990131578947369
0 0.5682565789473685 0.34292763157894735 0.13651315789473684 0.05345394736842105
0 0.6883223684210527 0.28207236842105265 0.06332236842105263 0.03700657894736842
0 0.04194078947368421 0.709703947368421 0.08305921052631579 0.1069078947368421