0 0.3798076923076923 0.8221153846153846 0.13822115384615385 0.09615384615384616
0 0.4855769230769231 0.7548076923076923 0.08173076923076923 0.056490384615384616
0 0.25721153846153844 0.6105769230769231 0.13341346153846154 0.08052884615384616
0 0.4338942307692308 0.5901442307692307 0.06850961538461539 0.046875
0 0.5625 0.5961538461538461 0.08052884615384616 0.03365384615384615
0 0.6911057692307693 0.5901442307692307 0.04927884615384615 0.03365384615384615
0 0.5697115384615384 0.5733173076923077 0.11778846153846154 0.026442307692307692
0 0.42908653846153844 0.49278846153846156 0.08413461538461539 0.046875
0 0.18870192307692307 0.47836538461538464 0.036057692307692304 0.02283653846153846
0 0.30288461538461536 0.5 0.06490384615384616 0.039663461538461536
0 0.3557692307692308 0.4411057692307692 0.03125 0.02283653846153846
0 0.8064903846153846 0.7668269230769231 0.19591346153846154 0.09975961538461539