0 0.640625 0.8116776315789473 0.2598684210526316 0.203125
0 0.6529605263157895 0.4917763157894737 0.2080592105263158 0.08963815789473684
0 0.7541118421052632 0.3881578947368421 0.18009868421052633 0.05016447368421053
0 0.7664473684210527 0.31332236842105265 0.12335526315789473 0.04029605263157895
0 0.6899671052631579 0.2837171052631579 0.1069078947368421 0.033717105263157895
0 0.6430921052631579 0.2565789473684211 0.09539473684210527 0.02631578947368421
0 0.7105263157894737 0.21628289473684212 0.06578947368421052 0.02631578947368421
0 0.43832236842105265 0.41036184210526316 0.12335526315789473 0.046875
0 0.44243421052631576 0.3667763157894737 0.08717105263157894 0.04029605263157895
0 0.5370065789473685 0.3149671052631579 0.07401315789473684 0.029605263157894735
0 0.38651315789473684 0.32648026315789475 0.09046052631578948 0.033717105263157895
0 0.3347039473684211 0.3684210526315789 0.0625 0.029605263157894735
0 0.07483552631578948 0.7532894736842105 0.12335526315789473 0.10032894736842106