0 0.05098684210526316 0.038651315789473686 0.04029605263157895 0.013980263157894737
0 0.024671052631578948 0.078125 0.04851973684210526 0.03042763157894737
0 0.11266447368421052 0.05674342105263158 0.07483552631578948 0.033717105263157895
0 0.13815789473684212 0.006578947368421052 0.046052631578947366 0.012335526315789474
0 0.09786184210526316 0.024671052631578948 0.03782894736842105 0.015625
0 0.07154605263157894 0.006578947368421052 0.04851973684210526 0.012335526315789474
0 0.029605263157894735 0.0024671052631578946 0.032072368421052634 0.004111842105263158
0 0.01069078947368421 0.009868421052631578 0.02055921052631579 0.013980263157894737
0 0.48026315789473684 0.3996710526315789 0.13075657894736842 0.09292763157894737
0 0.7541118421052632 0.21299342105263158 0.038651315789473686 0.02631578947368421
0 0.5296052631578947 0.8166118421052632 0.05674342105263158 0.046875