0 0.057692307692307696 0.45552884615384615 0.11057692307692307 0.06971153846153846
0 0.36658653846153844 0.4387019230769231 0.05048076923076923 0.04326923076923077
0 0.5745192307692307 0.24639423076923078 0.08413461538461539 0.06009615384615385
0 0.6682692307692307 0.31009615384615385 0.09014423076923077 0.03365384615384615
0 0.6262019230769231 0.36778846153846156 0.052884615384615384 0.030048076923076924
0 0.5276442307692307 0.30288461538461536 0.05048076923076923 0.03365384615384615
0 0.4951923076923077 0.5697115384615384 0.08653846153846154 0.06610576923076923
0 0.40625 0.6586538461538461 0.15985576923076922 0.11057692307692307
0 0.6225961538461539 0.5300480769230769 0.04447115384615385 0.03365384615384615
0 0.6778846153846154 0.6622596153846154 0.20072115384615385 0.09014423076923077
0 0.6995192307692307 0.8497596153846154 0.17668269230769232 0.18629807692307693
0 0.75 0.5396634615384616 0.12139423076923077 0.09975961538461539