0 0.5633223684210527 0.8083881578947368 0.22203947368421054 0.18338815789473684
0 0.5608552631578947 0.5 0.18092105263157895 0.09292763157894737
0 0.640625 0.40131578947368424 0.14473684210526316 0.06332236842105263
0 0.6504934210526315 0.32976973684210525 0.10197368421052631 0.04029605263157895
0 0.5411184210526315 0.3717105263157895 0.12664473684210525 0.05674342105263158
0 0.39555921052631576 0.4251644736842105 0.09950657894736842 0.04358552631578947
0 0.3939144736842105 0.3848684210526316 0.08141447368421052 0.03700657894736842
0 0.46710526315789475 0.3314144736842105 0.05180921052631579 0.023026315789473683
0 0.587171052631579 0.3001644736842105 0.07483552631578948 0.02631578947368421
0 0.553453947368421 0.27631578947368424 0.07894736842105263 0.02631578947368421
0 0.10608552631578948 0.7549342105263158 0.09950657894736842 0.08963815789473684
0 0.6060855263157895 0.23848684210526316 0.054276315789473686 0.023026315789473683
0 0.3519736842105263 0.3470394736842105 0.07894736842105263 0.033717105263157895