0 0.2668269230769231 0.6081730769230769 0.20552884615384615 0.11658653846153846
0 0.4951923076923077 0.7055288461538461 0.16105769230769232 0.11658653846153846
0 0.36177884615384615 0.8713942307692307 0.13822115384615385 0.15625
0 0.7355769230769231 0.9663461538461539 0.11298076923076923 0.06009615384615385
0 0.1778846153846154 0.5012019230769231 0.07932692307692307 0.056490384615384616
0 0.08774038461538461 0.47475961538461536 0.08653846153846154 0.05048076923076923
0 0.3629807692307692 0.44711538461538464 0.1310096153846154 0.052884615384615384
0 0.2512019230769231 0.44471153846153844 0.07692307692307693 0.037259615384615384
0 0.23798076923076922 0.4014423076923077 0.04447115384615385 0.030048076923076924
0 0.7560096153846154 0.5036057692307693 0.0889423076923077 0.03365384615384615
0 0.9639423076923077 0.5300480769230769 0.06850961538461539 0.0733173076923077