0 0.3557692307692308 0.5252403846153846 0.06971153846153846 0.04326923076923077
0 0.12139423076923077 0.8185096153846154 0.15384615384615385 0.17668269230769232
0 0.203125 0.8882211538461539 0.0829326923076923 0.10336538461538461
0 0.3293269230769231 0.7283653846153846 0.09134615384615384 0.09014423076923077
0 0.42788461538461536 0.7451923076923077 0.09375 0.0829326923076923
0 0.5661057692307693 0.7644230769230769 0.07692307692307693 0.06370192307692307
0 0.4855769230769231 0.8762019230769231 0.09014423076923077 0.09975961538461539
0 0.3449519230769231 0.8954326923076923 0.09735576923076923 0.11057692307692307
0 0.4014423076923077 0.9711538461538461 0.12740384615384615 0.05048076923076923
0 0.6346153846153846 0.9483173076923077 0.12740384615384615 0.0829326923076923
0 0.45913461538461536 0.5697115384615384 0.04326923076923077 0.039663461538461536
0 0.4206730769230769 0.5432692307692307 0.036057692307692304 0.020432692307692308
0 0.5276442307692307 0.5204326923076923 0.15384615384615385 0.13341346153846154
0 0.7716346153846154 0.7067307692307693 0.3245192307692308 0.23317307692307693
0 0.9338942307692307 0.90625 0.12980769230769232 0.18028846153846154