0 0.37993421052631576 0.821546052631579 0.13815789473684212 0.09703947368421052
0 0.48519736842105265 0.7549342105263158 0.08223684210526316 0.05674342105263158
0 0.2574013157894737 0.6101973684210527 0.13322368421052633 0.07976973684210527
0 0.4342105263157895 0.5896381578947368 0.06907894736842106 0.046875
0 0.5625 0.5970394736842105 0.07976973684210527 0.033717105263157895
0 0.6907894736842105 0.5896381578947368 0.04851973684210526 0.033717105263157895
0 0.5699013157894737 0.5731907894736842 0.11759868421052631 0.02631578947368421
0 0.4292763157894737 0.4934210526315789 0.08470394736842106 0.046875
0 0.18914473684210525 0.4786184210526316 0.03536184210526316 0.023026315789473683
0 0.3034539473684211 0.5 0.06414473684210527 0.04029605263157895
0 0.35526315789473684 0.44161184210526316 0.03125 0.023026315789473683
0 0.8067434210526315 0.7664473684210527 0.19572368421052633 0.10032894736842106