0 0.5115131578947368 0.2902960526315789 0.08470394736842106 0.07976973684210527
0 0.5863486842105263 0.21299342105263158 0.04851973684210526 0.05345394736842105
0 0.5764802631578947 0.42023026315789475 0.07319078947368421 0.10032894736842106
0 0.4720394736842105 0.5600328947368421 0.10032894736842106 0.05345394736842105
0 0.49588815789473684 0.5148026315789473 0.07072368421052631 0.029605263157894735
0 0.7368421052631579 0.6200657894736842 0.05592105263157895 0.11348684210526316
0 0.774671052631579 0.7820723684210527 0.08634868421052631 0.14967105263157895
0 0.6973684210526315 0.4185855263157895 0.044407894736842105 0.06990131578947369
0 0.6644736842105263 0.2870065789473684 0.05756578947368421 0.07976973684210527
0 0.47368421052631576 0.3782894736842105 0.04029605263157895 0.029605263157894735
0 0.46463815789473684 0.4136513157894737 0.04029605263157895 0.019736842105263157
0 0.4901315789473684 0.34539473684210525 0.028782894736842105 0.023026315789473683
0 0.524671052631579 0.16529605263157895 0.03536184210526316 0.023026315789473683