0 0.4206730769230769 0.7163461538461539 0.22235576923076922 0.10697115384615384
0 0.6550480769230769 0.8461538461538461 0.12980769230769232 0.1201923076923077
0 0.5745192307692307 0.6382211538461539 0.11538461538461539 0.06370192307692307
0 0.5432692307692307 0.5685096153846154 0.09254807692307693 0.05048076923076923
0 0.43028846153846156 0.6081730769230769 0.09495192307692307 0.05048076923076923
0 0.4170673076923077 0.5072115384615384 0.08533653846153846 0.03365384615384615
0 0.6165865384615384 0.4795673076923077 0.1622596153846154 0.039663461538461536
0 0.7235576923076923 0.5168269230769231 0.09735576923076923 0.039663461538461536
0 0.5264423076923077 0.4338942307692308 0.08774038461538461 0.026442307692307692
0 0.078125 0.6574519230769231 0.15625 0.0889423076923077
0 0.12980769230769232 0.5817307692307693 0.09975961538461539 0.04326923076923077
0 0.17908653846153846 0.5384615384615384 0.11298076923076923 0.05048076923076923
0 0.2439903846153846 0.46875 0.0673076923076923 0.02283653846153846
0 0.31009615384615385 0.43509615384615385 0.06971153846153846 0.02283653846153846
0 0.2668269230769231 0.3954326923076923 0.10697115384615384 0.030048076923076924
0 0.39663461538461536 0.34975961538461536 0.10216346153846154 0.026442307692307692
0 0.3545673076923077 0.3737980769230769 0.06490384615384616 0.020432692307692308
0 0.5108173076923077 0.3870192307692308 0.057692307692307696 0.020432692307692308